10 0.7
106 3.18
406 3.23
518.5 3.24
561.25 3.24
2261.25 3.42
2393.5 3.42
4443.5 3.42
6693.5 3.42
1 0.12
26 2.29
426 3.24
726 3.28
876 3.28
2026 3.42
3726 3.42
5776 3.42
8026 3.42
83 3.17
126.75 3.23
276.75 3.23
596.75 3.28
896.75 3.28
2046.75 3.42
4296.75 3.42
5996.75 3.42
8046.75 3.42
18.5 2.29
93.5 3.17
243.5 3.23
522.5 3.24
682.5 3.28
2932.5 3.42
4982.5 3.42
6132.5 3.42
7832.5 3.42
10 0.7
41.25 2.88
81.75 2.96
351.75 3.23
607.75 3.28
1757.75 3.42
3457.75 3.42
5507.75 3.42
7757.75 3.42
14 1.93
57.75 2.88
207.75 3.23
507.75 3.24
907.75 3.35
2057.75 3.42
3757.75 3.42
5807.75 3.42
8057.75 3.42
13 1.34
75.5 2.96
225.5 3.23
525.5 3.24
909.5 3.35
2059.5 3.42
3759.5 3.42
5809.5 3.42
8059.5 3.42
31 2.87
68.5 2.88
218.5 3.23
518.5 3.24
918.5 3.42
2068.5 3.42
3768.5 3.42
5818.5 3.42
8068.5 3.42
