0.26						0.33				0.29				0.22				0.25				0.3					0.22				0.21				0.28	
0.34						0.34				0.3					0.35				0.32				0.3					0.32				0.33				0.37															
0.56						0.63				0.54				0.58				0.53				0.63				0.64				0.59				0.56	
0.43						0.55				0.492			0.57				0.65				0.48				0.51				0.5					0.44	
0.64						0.66				0.62				0.63				0.74				0.66				0.65				0.59				0.72	
0.86						0.84				0.8536		0.86				0.822			0.83				0.88				0.86				0.85	
0.76						0.88				0.682			0.75				0.75				0.79				0.87				0.83				0.88	
0.95						0.94				0.86				0.94				0.93				0.93				0.93				0.94				0.94	
0.93						0.94				0.91				0.95				0.92				0.88				0.93				0.93				0.92	
0.96						0.96				0.94				0.97				0.96				0.94				0.95				0.97				0.96	
