0.0666666666667 0.00711111111111 1.0 0.0293333333333 0.0138888888889 0.470222222222 0.755555555556 0.911111111111 0.133333333333 
0.019 0.0426666666667 1.0 0.00444444444444 0.05 0.0587777777778 0.755555555556 0.911111111111 0.133333333333 
0.0666666666667 0.177777777778 1.0 0.000444444444444 0.0111111111111 0.511111111111 0.755555555556 0.911111111111 0.133333333333 
0.0666666666667 0.00711111111111 1.0 0.00355555555556 0.0111111111111 0.511111111111 0.755555555556 0.911111111111 0.04 
0.0666666666667 0.142222222222 1.0 0.0368888888889 0.0194444444444 0.511111111111 0.755555555556 0.911111111111 0.133333333333 
0.0666666666667 0.0711111111111 1.0 0.00822222222222 0.0333333333333 0.511111111111 0.755555555556 0.911111111111 0.124 
0.018 0.113777777778 1.0 0.00444444444444 0.0138888888889 0.511111111111 0.755555555556 0.911111111111 0.12 
0.0666666666667 0.177777777778 1.0 0.00622222222222 0.0194444444444 0.511111111111 0.755555555556 0.911111111111 0.133333333333 
0.0666666666667 0.170666666667 1.0 0.00577777777778 0.0277777777778 0.511111111111 0.755555555556 0.911111111111 0.133333333333 
0.0666666666667 0.177777777778 1.0 0.0137777777778 0.0166666666667 0.511111111111 0.755555555556 0.911111111111 0.133333333333 
0.034 0.170666666667 0.9 0.00577777777778 0.075 0.511111111111 0.755555555556 0.911111111111 0.092 
0.0666666666667 0.128 1.0 0.0195555555556 0.0138888888889 0.511111111111 0.755555555556 0.911111111111 0.104 
0.022 0.00711111111111 0.225 0.000444444444444 0.00555555555556 0.117555555556 0.128444444444 0.186777777778 0.016 
0.0085 0.0284444444444 1.0 0.00222222222222 0.111111111111 0.117555555556 0.128444444444 0.373555555556 0.016 
0.01 0.0213333333333 1.0 0.00177777777778 0.00555555555556 0.117555555556 0.256888888889 0.373555555556 0.02 
0.015 0.0213333333333 1.0 0.00177777777778 0.0111111111111 0.511111111111 0.385333333333 0.373555555556 0.108 
0.025 0.0426666666667 1.0 0.00222222222222 0.00555555555556 0.352666666667 0.256888888889 0.560333333333 0.104 
0.035 0.177777777778 1.0 0.00222222222222 0.0111111111111 0.511111111111 0.385333333333 0.747111111111 0.12 
0.028 0.0497777777778 1.0 0.00422222222222 0.0361111111111 0.511111111111 0.755555555556 0.911111111111 0.104 
0.022 0.0355555555556 1.0 0.00444444444444 0.0361111111111 0.511111111111 0.755555555556 0.911111111111 0.052 
0.0235 0.0355555555556 1.0 0.00133333333333 0.00555555555556 0.511111111111 0.256888888889 0.560333333333 0.076 
0.001 0.0142222222222 0.45 0.00133333333333 0.0111111111111 0.117555555556 0.256888888889 0.560333333333 0.004 
