0 31
0 11
1 97
1 19
2 58
2 37
3 68
3 94
4 90
4 17
0 22
0 53
1 47
1 85
2 16
2 64
3 31
3 16
4 77
4 53
0 48
0 60
1 60
1 36
2 72
2 4
3 59
3 24
4 9
4 64
0 79
0 87
1 50
1 78
2 99
2 27
3 7
3 79
4 62
4 50
0 98
0 0
1 6
1 21
2 49
2 81
3 86
3 41
4 55
4 30
0 58
0 20
1 83
1 87
2 17
2 51
3 91
3 97
4 75
4 79
0 52
0 50
1 88
1 82
2 54
2 0
3 70
3 71
4 51
4 59
0 38
0 63
1 11
1 81
2 15
2 14
3 45
3 60
4 54
4 58
0 75
0 49
1 17
1 54
2 30
2 36
3 96
3 74
4 52
4 56
0 71
0 21
1 89
1 62
2 50
2 12
3 17
3 14
4 57
4 70
0 15
0 77
1 58
1 80
2 45
2 33
3 75
3 76
4 71
4 76
0 72
0 78
1 2
1 84
2 9
2 1
3 43
3 12
4 74
4 72
0 64
0 23
1 86
1 24
2 34
2 76
3 78
3 36
4 98
4 96
0 70
0 43
1 16
1 18
2 13
2 18
3 34
3 48
4 97
4 94
0 6
0 26
1 25
1 14
2 19
2 31
3 38
3 82
4 93
4 91
0 27
0 62
1 10
1 15
2 92
2 32
3 47
3 37
4 95
4 99
0 88
0 80
1 91
1 12
2 95
2 56
3 58
3 35
4 92
4 78
0 18
0 67
1 13
1 56
2 8
2 91
3 83
3 44
4 69
4 63
0 4
0 9
1 64
1 92
2 94
2 90
3 22
3 32
4 66
4 60
0 39
0 24
1 28
1 42
2 46
2 39
3 33
3 72
4 65
4 67
0 55
0 17
1 34
1 96
2 59
2 70
3 77
3 73
4 61
4 68
0 85
0 28
1 22
1 93
2 55
2 38
3 49
3 42
4 4
4 6
0 69
0 51
1 90
1 94
2 35
2 79
3 39
3 30
4 0
4 1
0 54
0 34
1 26
1 52
2 42
2 10
3 46
3 81
4 8
4 7
0 29
0 19
1 99
1 45
2 5
2 7
3 87
3 15
4 5
4 3
0 10
0 61
1 65
1 71
2 52
2 47
3 95
3 80
4 2
4 73
0 66
0 30
1 44
1 98
2 6
2 2
3 62
3 55
4 81
4 87
0 8
0 65
1 0
1 20
2 53
2 69
3 53
3 89
4 86
4 88
0 41
0 74
1 29
1 59
2 73
2 75
3 84
3 40
4 89
4 84
0 89
0 93
1 7
1 63
2 74
2 40
3 88
3 21
4 80
4 82
0 25
0 59
1 38
1 33
2 43
2 3
3 85
3 99
4 85
4 83
0 57
0 73
1 37
1 46
2 48
2 44
3 28
3 64
4 39
4 38
0 45
0 42
1 3
1 67
2 93
2 41
3 25
3 50
4 34
4 33
0 86
0 90
1 57
1 69
2 11
2 77
3 63
3 10
4 36
4 35
0 83
0 76
1 95
1 48
2 71
2 60
3 61
3 93
4 32
4 31
0 94
0 68
1 77
1 76
2 65
2 88
3 92
3 54
4 37
4 15
0 12
0 56
1 9
1 1
2 78
2 98
3 26
3 66
4 10
4 24
0 99
0 44
1 30
1 5
2 57
2 82
3 69
3 11
4 12
4 16
0 37
0 1
1 53
1 35
2 83
2 85
3 57
3 4
4 11
4 14
0 13
0 96
1 41
1 61
2 61
2 63
3 67
3 52
4 18
4 19
0 47
0 14
1 32
1 4
2 67
2 80
3 13
3 51
4 13
4 28
0 16
0 82
1 51
1 31
2 84
2 89
3 29
3 1
4 21
4 29
0 81
0 46
1 27
1 68
2 66
2 62
3 6
3 20
4 22
4 48
0 91
0 5
1 66
1 49
2 68
2 86
3 27
3 65
4 25
4 45
0 97
0 32
1 8
1 73
2 24
2 29
3 3
3 19
4 26
4 23
0 33
0 7
1 74
1 75
2 20
2 26
3 18
3 23
4 20
4 44
0 2
0 95
1 23
1 72
2 25
2 28
3 9
3 98
4 43
4 47
0 84
0 40
1 70
1 79
2 21
2 22
3 90
3 56
4 49
4 27
0 3
0 92
1 40
1 43
2 23
2 87
3 8
3 2
4 41
4 46
0 35
0 36
1 55
1 39
2 97
2 96
3 5
3 0
4 42
4 40