0 31
1 97
2 58
3 68
4 90
4 17
4 64
2 37
2 64
3 94
3 59
0 38
0 11
1 19
1 47
4 77
4 98
2 16
2 72
3 31
3 16
0 22
0 53
4 9
4 53
4 62
4 66
4 50
4 68
4 61
4 51
4 60
4 69
4 67
4 59
4 65
4 63
4 58
4 52
4 57
4 54
4 56
4 55
4 99
4 92
4 94
4 93
4 96
4 91
4 95
4 97
4 30
4 4
4 8
4 6
4 7
4 3
4 0
4 1
4 5
4 2
4 81
4 84
4 86
4 75
4 87
4 89
4 88
4 82
4 85
4 80
4 24
4 83
4 79
4 71
4 39
4 76
4 70
4 73
4 36
4 35
4 72
4 78
4 34
4 74
4 33
4 32
4 28
4 31
4 37
4 45
4 38
4 10
4 48
4 14
4 15
4 11
4 46
4 12
4 49
4 44
4 29
4 21
4 13
4 41
4 22
4 43
4 47
4 16
4 25
4 26
4 42
4 23
4 18
4 20
4 40
4 27
4 19
2 4
2 51
0 48
0 60
3 24
3 61
1 85
1 60
0 87
0 79
0 98
0 0
0 71
0 58
0 76
0 75
0 52
0 56
0 51
0 55
0 50
0 59
0 57
0 63
0 54
0 88
0 77
0 72
0 78
0 64
0 74
0 70
0 73
0 34
0 69
0 20
0 26
0 21
0 27
0 24
0 23
0 29
0 68
0 61
0 67
0 62
0 66
0 18
0 28
0 25
0 82
0 65
0 41
0 49
0 97
0 85
0 81
0 36
0 10
0 43
0 96
0 12
0 42
0 90
0 95
0 45
0 13
0 4
0 44
0 47
0 46
0 40
0 99
0 92
0 39
0 9
0 93
0 91
0 94
0 86
0 17
0 19
0 37
0 6
0 83
0 80
0 16
0 15
0 1
0 84
0 30
0 14
0 5
0 8
0 32
0 89
0 7
0 2
0 3
0 33
0 35
2 99
2 49
2 20
2 81
2 17
2 57
2 45
2 54
2 52
2 41
2 30
2 56
2 76
2 50
2 40
2 70
2 74
2 42
2 44
2 43
2 53
2 55
2 46
2 47
2 48
2 59
2 15
2 14
2 73
2 90
2 92
2 71
2 39
2 0
2 31
2 2
2 36
2 7
2 34
2 75
2 33
2 78
2 32
2 35
2 79
2 93
2 3
2 1
2 5
2 77
2 38
2 9
2 69
2 13
2 8
2 27
2 12
2 10
2 18
2 19
2 6
2 11
2 25
2 62
2 83
2 88
2 21
2 61
2 66
2 28
2 68
2 63
2 91
2 65
2 97
2 60
2 80
2 67
2 26
2 22
2 23
2 87
2 82
2 89
2 29
2 24
2 85
2 86
2 84
2 95
2 98
2 94
2 96
3 7
3 79
1 94
1 36
3 86
3 91
3 41
3 97
3 70
3 71
3 74
3 75
3 44
3 76
3 17
3 72
3 78
3 77
3 73
3 40
3 42
3 45
3 43
3 48
3 14
3 46
3 49
3 47
3 96
3 27
3 60
3 0
3 62
3 92
3 28
3 64
3 37
3 35
3 34
3 36
3 38
3 33
3 32
3 39
3 30
3 83
3 81
3 89
3 82
3 85
3 87
3 80
3 84
3 88
3 22
3 26
3 10
3 25
3 21
3 99
3 18
3 29
3 95
3 19
3 13
3 15
3 20
3 12
3 65
3 98
3 93
3 11
3 23
3 66
3 67
3 69
3 63
3 1
3 8
3 6
3 90
3 57
3 4
3 3
3 54
3 9
3 56
3 2
3 53
3 55
3 58
3 5
3 51
3 52
3 50
1 50
1 78
1 6
1 21
1 83
1 81
1 80
1 86
1 88
1 90
1 84
1 89
1 17
1 82
1 87
1 16
1 56
1 58
1 11
1 27
1 10
1 92
1 12
1 14
1 54
1 2
1 93
1 18
1 13
1 15
1 52
1 22
1 72
1 43
1 91
1 96
1 99
1 95
1 51
1 98
1 59
1 20
1 9
1 64
1 7
1 53
1 57
1 77
1 23
1 4
1 24
1 25
1 26
1 29
1 28
1 3
1 1
1 63
1 65
1 55
1 5
1 0
1 8
1 42
1 39
1 67
1 62
1 68
1 69
1 66
1 61
1 32
1 75
1 41
1 76
1 70
1 73
1 48
1 79
1 74
1 71
1 40
1 49
1 46
1 44
1 45
1 33
1 35
1 38
1 37
1 30
1 34
1 31