0 31
1 97
2 58
3 68
4 90
4 17
2 37
4 64
2 64
3 94
0 38
3 59
0 11
1 19
4 77
1 47
4 98
2 16
3 31
2 72
3 16
0 22
4 9
0 53
4 53
3 24
4 50
3 61
4 46
3 7
4 62
3 44
4 55
3 86
4 52
3 91
4 56
3 60
4 66
3 79
4 51
3 71
4 54
3 70
4 59
3 97
4 58
3 45
4 57
3 76
4 60
3 41
4 63
3 96
4 61
3 88
4 65
3 87
4 67
3 42
4 69
3 84
4 68
3 75
4 4
3 48
4 6
3 40
4 8
3 17
4 7
3 77
4 0
3 82
4 1
3 43
4 5
3 73
4 92
3 72
4 99
3 21
4 93
3 63
4 94
3 89
4 91
3 74
4 95
3 81
4 97
3 85
4 96
3 78
4 81
3 27
4 30
3 47
4 3
3 80
4 2
3 83
4 87
3 64
4 86
3 90
4 88
3 49
4 84
3 28
4 89
3 99
4 82
3 12
4 80
3 66
4 85
3 22
4 83
3 46
4 39
3 65
4 38
3 20
4 35
3 93
4 34
3 37
4 36
3 33
4 31
3 35
4 32
3 34
4 37
3 39
4 33
3 30
4 40
3 38
4 49
3 32
4 44
3 69
4 41
3 95
4 42
3 0
4 12
3 26
4 47
3 36
4 43
3 67
4 45
3 25
4 48
3 23
4 70
3 98
4 73
3 10
4 27
3 11
4 75
3 55
4 74
3 18
4 78
3 29
4 72
3 15
4 71
3 56
4 76
3 19
4 23
3 13
4 21
3 50
4 26
3 92
4 20
3 62
4 79
3 14
4 28
3 1
4 25
3 54
4 24
3 4
4 22
3 51
4 29
3 8
4 18
3 2
4 19
3 52
4 13
3 6
4 11
3 5
4 10
3 3
4 16
3 9
4 14
3 53
4 15
3 58
2 4
3 57
2 51
0 48
1 85
0 60
1 60
0 87
2 99
0 79
2 27
0 98
2 81
0 0
2 49
0 63
2 17
0 64
2 76
0 69
2 70
0 52
2 74
0 56
2 28
0 67
2 69
0 55
2 78
0 20
2 57
0 34
2 3
0 50
2 14
0 51
2 71
0 26
2 73
0 71
2 15
0 75
2 29
0 88
2 62
0 77
2 95
0 72
2 92
0 62
2 60
0 68
2 75
0 21
2 19
0 57
2 77
0 54
2 65
0 4
2 12
0 28
2 1
0 59
2 45
0 23
2 48
0 58
2 47
0 41
2 54
0 43
2 56
0 70
2 42
0 27
2 43
0 24
2 46
0 18
2 84
0 29
2 7
0 78
2 13
0 49
2 55
0 65
2 41
0 6
2 44
0 89
2 8
0 85
2 79
0 25
2 40
0 46
2 53
0 47
2 61
0 73
2 10
0 83
2 18
0 30
2 2
0 82
2 25
0 74
2 90
0 42
2 82
0 44
2 6
0 66
2 24
0 61
2 36
0 94
2 30
0 1
2 31
0 19
2 59
0 15
2 52
0 10
2 91
0 17
2 0
0 36
2 32
0 39
2 93
0 80
2 38
0 95
2 67
0 93
2 9
0 14
2 39
0 76
2 26
0 97
2 5
0 12
2 11
0 96
2 35
0 40
2 34
0 35
2 33
0 33
2 83
0 32
2 20
0 13
2 66
0 84
2 50
0 90
2 22
0 91
2 85
0 7
2 63
0 16
2 23
0 81
2 94
0 8
2 68
0 99
2 89
0 45
2 87
0 92
2 98
0 37
2 80
0 5
2 21
0 2
2 88
0 86
2 86
0 3
2 97
0 9
2 96
1 94
1 36
1 50
1 78
1 6
1 21
1 83
1 90
1 62
1 87
1 17
1 93
1 11
1 88
1 95
1 27
1 2
1 64
1 10
1 34
1 45
1 89
1 86
1 14
1 15
1 84
1 98
1 81
1 82
1 56
1 13
1 69
1 80
1 12
1 18
1 54
1 40
1 24
1 58
1 71
1 9
1 23
1 52
1 22
1 48
1 67
1 31
1 7
1 16
1 66
1 5
1 59
1 51
1 55
1 53
1 63
1 28
1 3
1 1
1 63
1 65
1 55
1 5
1 0
1 8
1 42
1 39
1 67
1 62
1 68
1 69
1 66
1 61
1 32
1 75
1 41
1 76
1 70
1 73
1 48
1 79
1 74
1 71
1 40
1 49
1 46
1 44
1 45
1 33
1 35
1 38
1 37
1 30
1 34
1 31