0.014 0.018 0.019 0.019 0.019 0.04 0.04 0.04 0.04 
0.04 0.05 0.05 0.05 0.05 0.05 0.05 0.05 0.05 
0.08 0.13 0.13 0.13 0.13 0.13 0.13 0.13 0.13 
0.09 0.26 0.26 0.26 0.26 0.26 0.26 0.26 0.26 
0.25 0.3 0.3 0.3 0.3 0.3 0.3 0.3 0.3 
0.27 0.34 0.34 0.35 0.35 0.35 0.35 0.35 0.36 
0.4 0.52 0.52 0.52 0.54 0.55 0.55 0.55 0.55 
0.48 0.66 0.66 0.66 0.66 0.66 0.66 0.66 0.66 
0.61 0.69 0.69 0.7 0.7 0.72 0.72 0.72 0.72 
0.53 0.65 0.65 0.65 0.65 0.65 0.65 0.65 0.65 
0.66 0.695 0.76 0.76 0.76 0.76 0.76 0.76 0.76 