with prior:

1) 6 4 4 4 4 4 4 4 4 
2) 6 8 6 6 6 6 6 6 6 
6 8 6 6 6 6 6 6 6 
6 6 2 2 2 2 2 2 2 
6 4 6 4 6 4 6 4 6 
6 4 6 4 6 4 6 4 6 
6 4 4 4 4 4 4 4 4 
6 4 4 4 4 4 4 4 4 
6 8 6 8 6 8 6 8 6 
6 8 6 6 6 6 6 6 6 
6 6 2 2 2 2 2 2 2

imagenet: 6 6 2 2 2 2 2 2 2 
vgg  


without prior: cov = 0.1

1 1 2 3 2 2 2 2 2 
1 1 2 3 4 5 6 7 4 
1 1 2 3 3 3 3 3 3 
1 1 2 3 4 5 6 7 4 
1 1 2 3 3 1 1 1 1 
1 1 2 3 4 2 2 2 2 
1 1 2 3 4 2 2 2 2 
1 1 2 3 4 5 2 2 2 
1 1 2 3 4 5 3 3 3 
1 1 2 3 4 5 6 7 8 
1 1 2 3 4 5 6 7 4 
imagenet: 1 1 2 3 4 5 2 2 2 

// 






